And
9640,5447
5447,4436
4436,3881
3881,5434
5447,2912
2912,116631
116631,116805
116805,116584
116631,113726
5447,3092
3092,2912
3092,3031
3031,3693
3693,4463
3092,677
Ant
53502,51172
51172,46515
Aps
81065,81852
81852,80047
80047,72370
Aqr
102618,106278
106278,109074
109074,110003
110003,112961
112961,114724
114724,114855
114855,113136
113136,112716
112716,112961
Aql
93244,93747
93747,95501
95501,93805
93805,93747
93805,96468
96468,99473
99473,95501
95501,97278
97278,97649
97649,98036
Ara
88714,85792
85792,83153
83153,83081
83081,82363
82363,85727
85727,85267
85258,85792
Ari
8832,8903
8903,9884
9884,13209
Aur
28358,24608
24608,28360
28360,28358
24608,23416
23416,23453
24608,23767
23767,23015
23015,25428
25428,28380
28380,28360
Boo
69483,69732
69732,70497
70497,69483
69732,71075
71075,73555
73555,74666
74666,72105
72105,69673
69673,71053
71053,71075
69673,71795
69673,67927
67927,67275
Cae
23595,21861
21861,21770
21770,21060
Cam
16228,18505
18505,22783
17959,16228
17959,25110
22783,17959
Cnc
40526,42911
42911,44066
42911,42806
42806,40843
42806,43103
CVn
63125,61317
CMa
33160,34045
34045,33347
33347,33160
33347,32349
32349,33977
33977,34444
34444,35037
35037,35904
34444,33856
33856,33152
33152,31592
31592,32349
33856,33579
33579,32759
33579,30122
31592,31416
31592,30324
CMi
37279,36188
Cap
100027,100345
100345,102485
100345,104139
104139,102978
104139,105515
105515,105881
105881,104139
105515,106985
106985,107556
Car
45238,50099
50099,52419
52419,52468
52468,54463
54463,53253
53253,51232
51232,50371
50371,45556
45080,42568
42568,41037
41037,30438
Cas
746,3179
3179,4427
4427,6686
6686,8886
Cen

UMa 
67301,65378
65378,62956
62956,59774
59774,54061
59774,58001
58001,53910
53910,54061
54061,46733
46733,41704
46733,48319
48319,48402
48402,53910
48402,46853
58001,57399
57399,54539
54539,50372
54539,50801
UMi
11767,85822
85822,82080
82080,77055
77055,79822
79822,75097
75097,72607
72607,77055